<<<<<<< HEAD
12 12 F 12
12 12 F 12
12 12 F 12
12 12 F 12
12 12 F 12
12 12 F 12
12 12 F 12
12 12 F 12
12 12 F 12
12 12 F 12
12 12 F 12
12 12 F 12
12 12 F 12
12 12 F 12
12 12 F 12
12 12 F 12
12 12 F 12
12 12 F 12
12 12 F 12
12 12 F 12
12 12 F 12
12 12 F 12
12 12 F 12
12 12 F 12
12 12 F 12
12 12 F 12
12 12 F 12
12 12 F 12
12 12 F 12
12 12 F 12
12 12 F 12
12 12 F 12
12 12 F 12
12 12 F 12
12 12 F 12
12 12 F 12
12 12 F 12
12 12 F 12
12 12 F 12
12 12 F 12
12 12 F 12
12 12 F 12
12 12 F 12
12 12 F 12
12 12 F 12
12 12 M
12 12 M
12 12 M
12 12 M
12 12 M
12 12 M
360 123 M
=======
12 12 M
12 12 M
12 12 M
10 10 M
>>>>>>> c3adbb5aaa48278a2d58a4af9509fd3698fdf7f7
